image: ./map/mmwave/3.pgm
resolution: 0.050000
origin: [-4.950000, -6.200000, nan]
negate: 0
occupied_thresh: 0.65
free_thresh: 0.196

