image: ./map/mmwave/4.pgm
resolution: 0.050000
origin: [-3.250000, -2.750000, nan]
negate: 0
occupied_thresh: 0.65
free_thresh: 0.196

