image: ./map/mmwave/5.pgm
resolution: 0.050000
origin: [-5.700000, -3.950000, nan]
negate: 0
occupied_thresh: 0.65
free_thresh: 0.196

