image: ./map/mmwave/1.pgm
resolution: 0.050000
origin: [0.000000, -1.650000, nan]
negate: 0
occupied_thresh: 0.65
free_thresh: 0.196

